run_id,protocol,condition,model_family,seed,outer_fold,loso_subject,run_key,subject_id,y_true,y_pred,class_score_0,class_score_1,class_score_2,class_score_3,config_hash,feature_manifest_hash
mm__missing_eye_tracking__hdc_classification__fold_2__seed_43,RETRAIN_WITHOUT_MODALITY,MISSING_EYE_TRACKING,HDC+OnlineHD Hybrid,43,2,,sub-cp009_ses-20210129_level-01B_run-001,sub-cp009,0,2,0.81385624,0.81624895,0.81626725,0.7934463,cd94acdf0bcb463b5f48a7c84110a23059899b6b5bf156131694827d7d7bde66,3383b55b626cdd4f2bd7e8ada676f8585ef84c726ef632ae6e5b9632c2724ecf
mm__missing_eye_tracking__hdc_classification__fold_2__seed_43,RETRAIN_WITHOUT_MODALITY,MISSING_EYE_TRACKING,HDC+OnlineHD Hybrid,43,2,,sub-cp009_ses-20210129_level-01B_run-007,sub-cp009,0,0,0.86544526,0.85812205,0.8398552,0.82090056,cd94acdf0bcb463b5f48a7c84110a23059899b6b5bf156131694827d7d7bde66,3383b55b626cdd4f2bd7e8ada676f8585ef84c726ef632ae6e5b9632c2724ecf
mm__missing_eye_tracking__hdc_classification__fold_2__seed_43,RETRAIN_WITHOUT_MODALITY,MISSING_EYE_TRACKING,HDC+OnlineHD Hybrid,43,2,,sub-cp009_ses-20210129_level-01B_run-012,sub-cp009,0,1,0.86029625,0.8716633,0.84998626,0.81020427,cd94acdf0bcb463b5f48a7c84110a23059899b6b5bf156131694827d7d7bde66,3383b55b626cdd4f2bd7e8ada676f8585ef84c726ef632ae6e5b9632c2724ecf
mm__missing_eye_tracking__hdc_classification__fold_2__seed_43,RETRAIN_WITHOUT_MODALITY,MISSING_EYE_TRACKING,HDC+OnlineHD Hybrid,43,2,,sub-cp009_ses-20210129_level-02B_run-003,sub-cp009,1,1,0.83403254,0.84927946,0.82342196,0.81372666,cd94acdf0bcb463b5f48a7c84110a23059899b6b5bf156131694827d7d7bde66,3383b55b626cdd4f2bd7e8ada676f8585ef84c726ef632ae6e5b9632c2724ecf
mm__missing_eye_tracking__hdc_classification__fold_2__seed_43,RETRAIN_WITHOUT_MODALITY,MISSING_EYE_TRACKING,HDC+OnlineHD Hybrid,43,2,,sub-cp009_ses-20210129_level-02B_run-008,sub-cp009,1,1,0.85513747,0.86492753,0.84293234,0.81156087,cd94acdf0bcb463b5f48a7c84110a23059899b6b5bf156131694827d7d7bde66,3383b55b626cdd4f2bd7e8ada676f8585ef84c726ef632ae6e5b9632c2724ecf
mm__missing_eye_tracking__hdc_classification__fold_2__seed_43,RETRAIN_WITHOUT_MODALITY,MISSING_EYE_TRACKING,HDC+OnlineHD Hybrid,43,2,,sub-cp009_ses-20210129_level-02B_run-010,sub-cp009,1,1,0.8483953,0.8594248,0.8300952,0.79209006,cd94acdf0bcb463b5f48a7c84110a23059899b6b5bf156131694827d7d7bde66,3383b55b626cdd4f2bd7e8ada676f8585ef84c726ef632ae6e5b9632c2724ecf
mm__missing_eye_tracking__hdc_classification__fold_2__seed_43,RETRAIN_WITHOUT_MODALITY,MISSING_EYE_TRACKING,HDC+OnlineHD Hybrid,43,2,,sub-cp009_ses-20210129_level-03B_run-002,sub-cp009,2,2,0.8314538,0.85176694,0.85832226,0.85636973,cd94acdf0bcb463b5f48a7c84110a23059899b6b5bf156131694827d7d7bde66,3383b55b626cdd4f2bd7e8ada676f8585ef84c726ef632ae6e5b9632c2724ecf
mm__missing_eye_tracking__hdc_classification__fold_2__seed_43,RETRAIN_WITHOUT_MODALITY,MISSING_EYE_TRACKING,HDC+OnlineHD Hybrid,43,2,,sub-cp009_ses-20210129_level-03B_run-005,sub-cp009,2,1,0.8756375,0.88568586,0.8810964,0.84884334,cd94acdf0bcb463b5f48a7c84110a23059899b6b5bf156131694827d7d7bde66,3383b55b626cdd4f2bd7e8ada676f8585ef84c726ef632ae6e5b9632c2724ecf
mm__missing_eye_tracking__hdc_classification__fold_2__seed_43,RETRAIN_WITHOUT_MODALITY,MISSING_EYE_TRACKING,HDC+OnlineHD Hybrid,43,2,,sub-cp009_ses-20210129_level-03B_run-011,sub-cp009,2,1,0.86666554,0.8932967,0.87974924,0.84227496,cd94acdf0bcb463b5f48a7c84110a23059899b6b5bf156131694827d7d7bde66,3383b55b626cdd4f2bd7e8ada676f8585ef84c726ef632ae6e5b9632c2724ecf
mm__missing_eye_tracking__hdc_classification__fold_2__seed_43,RETRAIN_WITHOUT_MODALITY,MISSING_EYE_TRACKING,HDC+OnlineHD Hybrid,43,2,,sub-cp009_ses-20210129_level-04B_run-004,sub-cp009,3,3,0.81428343,0.8222257,0.83346266,0.86497915,cd94acdf0bcb463b5f48a7c84110a23059899b6b5bf156131694827d7d7bde66,3383b55b626cdd4f2bd7e8ada676f8585ef84c726ef632ae6e5b9632c2724ecf
mm__missing_eye_tracking__hdc_classification__fold_2__seed_43,RETRAIN_WITHOUT_MODALITY,MISSING_EYE_TRACKING,HDC+OnlineHD Hybrid,43,2,,sub-cp009_ses-20210129_level-04B_run-006,sub-cp009,3,3,0.8193394,0.84332347,0.86044127,0.8699099,cd94acdf0bcb463b5f48a7c84110a23059899b6b5bf156131694827d7d7bde66,3383b55b626cdd4f2bd7e8ada676f8585ef84c726ef632ae6e5b9632c2724ecf
mm__missing_eye_tracking__hdc_classification__fold_2__seed_43,RETRAIN_WITHOUT_MODALITY,MISSING_EYE_TRACKING,HDC+OnlineHD Hybrid,43,2,,sub-cp009_ses-20210129_level-04B_run-009,sub-cp009,3,3,0.8378566,0.84122586,0.85459816,0.88578165,cd94acdf0bcb463b5f48a7c84110a23059899b6b5bf156131694827d7d7bde66,3383b55b626cdd4f2bd7e8ada676f8585ef84c726ef632ae6e5b9632c2724ecf
mm__missing_eye_tracking__hdc_classification__fold_2__seed_43,RETRAIN_WITHOUT_MODALITY,MISSING_EYE_TRACKING,HDC+OnlineHD Hybrid,43,2,,sub-cp013_ses-20210319_level-01B_run-001,sub-cp013,0,2,0.87916493,0.88139606,0.8886752,0.87646407,cd94acdf0bcb463b5f48a7c84110a23059899b6b5bf156131694827d7d7bde66,3383b55b626cdd4f2bd7e8ada676f8585ef84c726ef632ae6e5b9632c2724ecf
mm__missing_eye_tracking__hdc_classification__fold_2__seed_43,RETRAIN_WITHOUT_MODALITY,MISSING_EYE_TRACKING,HDC+OnlineHD Hybrid,43,2,,sub-cp013_ses-20210319_level-01B_run-007,sub-cp013,0,0,0.85505867,0.8308795,0.8341334,0.8077471,cd94acdf0bcb463b5f48a7c84110a23059899b6b5bf156131694827d7d7bde66,3383b55b626cdd4f2bd7e8ada676f8585ef84c726ef632ae6e5b9632c2724ecf
mm__missing_eye_tracking__hdc_classification__fold_2__seed_43,RETRAIN_WITHOUT_MODALITY,MISSING_EYE_TRACKING,HDC+OnlineHD Hybrid,43,2,,sub-cp013_ses-20210319_level-01B_run-012,sub-cp013,0,0,0.8785681,0.8674494,0.8510578,0.83501863,cd94acdf0bcb463b5f48a7c84110a23059899b6b5bf156131694827d7d7bde66,3383b55b626cdd4f2bd7e8ada676f8585ef84c726ef632ae6e5b9632c2724ecf
mm__missing_eye_tracking__hdc_classification__fold_2__seed_43,RETRAIN_WITHOUT_MODALITY,MISSING_EYE_TRACKING,HDC+OnlineHD Hybrid,43,2,,sub-cp013_ses-20210319_level-02B_run-003,sub-cp013,1,2,0.8290998,0.85702574,0.8661216,0.85150707,cd94acdf0bcb463b5f48a7c84110a23059899b6b5bf156131694827d7d7bde66,3383b55b626cdd4f2bd7e8ada676f8585ef84c726ef632ae6e5b9632c2724ecf
mm__missing_eye_tracking__hdc_classification__fold_2__seed_43,RETRAIN_WITHOUT_MODALITY,MISSING_EYE_TRACKING,HDC+OnlineHD Hybrid,43,2,,sub-cp013_ses-20210319_level-02B_run-008,sub-cp013,1,3,0.79379976,0.8251652,0.8401053,0.8412912,cd94acdf0bcb463b5f48a7c84110a23059899b6b5bf156131694827d7d7bde66,3383b55b626cdd4f2bd7e8ada676f8585ef84c726ef632ae6e5b9632c2724ecf
mm__missing_eye_tracking__hdc_classification__fold_2__seed_43,RETRAIN_WITHOUT_MODALITY,MISSING_EYE_TRACKING,HDC+OnlineHD Hybrid,43,2,,sub-cp013_ses-20210319_level-02B_run-010,sub-cp013,1,2,0.84351313,0.8341653,0.85068995,0.82509506,cd94acdf0bcb463b5f48a7c84110a23059899b6b5bf156131694827d7d7bde66,3383b55b626cdd4f2bd7e8ada676f8585ef84c726ef632ae6e5b9632c2724ecf
mm__missing_eye_tracking__hdc_classification__fold_2__seed_43,RETRAIN_WITHOUT_MODALITY,MISSING_EYE_TRACKING,HDC+OnlineHD Hybrid,43,2,,sub-cp013_ses-20210319_level-03B_run-002,sub-cp013,2,2,0.8262087,0.84693223,0.8599179,0.8314749,cd94acdf0bcb463b5f48a7c84110a23059899b6b5bf156131694827d7d7bde66,3383b55b626cdd4f2bd7e8ada676f8585ef84c726ef632ae6e5b9632c2724ecf
mm__missing_eye_tracking__hdc_classification__fold_2__seed_43,RETRAIN_WITHOUT_MODALITY,MISSING_EYE_TRACKING,HDC+OnlineHD Hybrid,43,2,,sub-cp013_ses-20210319_level-03B_run-005,sub-cp013,2,2,0.7623726,0.7989435,0.81381357,0.8098932,cd94acdf0bcb463b5f48a7c84110a23059899b6b5bf156131694827d7d7bde66,3383b55b626cdd4f2bd7e8ada676f8585ef84c726ef632ae6e5b9632c2724ecf
mm__missing_eye_tracking__hdc_classification__fold_2__seed_43,RETRAIN_WITHOUT_MODALITY,MISSING_EYE_TRACKING,HDC+OnlineHD Hybrid,43,2,,sub-cp013_ses-20210319_level-03B_run-011,sub-cp013,2,2,0.8266465,0.85262555,0.88134766,0.8689961,cd94acdf0bcb463b5f48a7c84110a23059899b6b5bf156131694827d7d7bde66,3383b55b626cdd4f2bd7e8ada676f8585ef84c726ef632ae6e5b9632c2724ecf
mm__missing_eye_tracking__hdc_classification__fold_2__seed_43,RETRAIN_WITHOUT_MODALITY,MISSING_EYE_TRACKING,HDC+OnlineHD Hybrid,43,2,,sub-cp013_ses-20210319_level-04B_run-004,sub-cp013,3,3,0.7111941,0.72850454,0.75145656,0.75964856,cd94acdf0bcb463b5f48a7c84110a23059899b6b5bf156131694827d7d7bde66,3383b55b626cdd4f2bd7e8ada676f8585ef84c726ef632ae6e5b9632c2724ecf
mm__missing_eye_tracking__hdc_classification__fold_2__seed_43,RETRAIN_WITHOUT_MODALITY,MISSING_EYE_TRACKING,HDC+OnlineHD Hybrid,43,2,,sub-cp013_ses-20210319_level-04B_run-006,sub-cp013,3,3,0.8276589,0.8328569,0.8491944,0.8753135,cd94acdf0bcb463b5f48a7c84110a23059899b6b5bf156131694827d7d7bde66,3383b55b626cdd4f2bd7e8ada676f8585ef84c726ef632ae6e5b9632c2724ecf
mm__missing_eye_tracking__hdc_classification__fold_2__seed_43,RETRAIN_WITHOUT_MODALITY,MISSING_EYE_TRACKING,HDC+OnlineHD Hybrid,43,2,,sub-cp013_ses-20210319_level-04B_run-009,sub-cp013,3,3,0.8054563,0.81313854,0.82406485,0.8502961,cd94acdf0bcb463b5f48a7c84110a23059899b6b5bf156131694827d7d7bde66,3383b55b626cdd4f2bd7e8ada676f8585ef84c726ef632ae6e5b9632c2724ecf
mm__missing_eye_tracking__hdc_classification__fold_2__seed_43,RETRAIN_WITHOUT_MODALITY,MISSING_EYE_TRACKING,HDC+OnlineHD Hybrid,43,2,,sub-cp015_ses-20210504_level-01B_run-001,sub-cp015,0,0,0.93337333,0.91744816,0.8823171,0.81728387,cd94acdf0bcb463b5f48a7c84110a23059899b6b5bf156131694827d7d7bde66,3383b55b626cdd4f2bd7e8ada676f8585ef84c726ef632ae6e5b9632c2724ecf
mm__missing_eye_tracking__hdc_classification__fold_2__seed_43,RETRAIN_WITHOUT_MODALITY,MISSING_EYE_TRACKING,HDC+OnlineHD Hybrid,43,2,,sub-cp015_ses-20210504_level-01B_run-007,sub-cp015,0,0,0.9187546,0.8929661,0.8666209,0.844464,cd94acdf0bcb463b5f48a7c84110a23059899b6b5bf156131694827d7d7bde66,3383b55b626cdd4f2bd7e8ada676f8585ef84c726ef632ae6e5b9632c2724ecf
mm__missing_eye_tracking__hdc_classification__fold_2__seed_43,RETRAIN_WITHOUT_MODALITY,MISSING_EYE_TRACKING,HDC+OnlineHD Hybrid,43,2,,sub-cp015_ses-20210504_level-01B_run-012,sub-cp015,0,0,0.9117967,0.87799793,0.85478306,0.83821,cd94acdf0bcb463b5f48a7c84110a23059899b6b5bf156131694827d7d7bde66,3383b55b626cdd4f2bd7e8ada676f8585ef84c726ef632ae6e5b9632c2724ecf
mm__missing_eye_tracking__hdc_classification__fold_2__seed_43,RETRAIN_WITHOUT_MODALITY,MISSING_EYE_TRACKING,HDC+OnlineHD Hybrid,43,2,,sub-cp015_ses-20210504_level-02B_run-003,sub-cp015,1,1,0.913713,0.9386214,0.89824766,0.80260545,cd94acdf0bcb463b5f48a7c84110a23059899b6b5bf156131694827d7d7bde66,3383b55b626cdd4f2bd7e8ada676f8585ef84c726ef632ae6e5b9632c2724ecf
mm__missing_eye_tracking__hdc_classification__fold_2__seed_43,RETRAIN_WITHOUT_MODALITY,MISSING_EYE_TRACKING,HDC+OnlineHD Hybrid,43,2,,sub-cp015_ses-20210504_level-02B_run-008,sub-cp015,1,1,0.8964906,0.9128922,0.8843872,0.8252373,cd94acdf0bcb463b5f48a7c84110a23059899b6b5bf156131694827d7d7bde66,3383b55b626cdd4f2bd7e8ada676f8585ef84c726ef632ae6e5b9632c2724ecf
mm__missing_eye_tracking__hdc_classification__fold_2__seed_43,RETRAIN_WITHOUT_MODALITY,MISSING_EYE_TRACKING,HDC+OnlineHD Hybrid,43,2,,sub-cp015_ses-20210504_level-02B_run-010,sub-cp015,1,0,0.9031172,0.88944066,0.8682911,0.83623886,cd94acdf0bcb463b5f48a7c84110a23059899b6b5bf156131694827d7d7bde66,3383b55b626cdd4f2bd7e8ada676f8585ef84c726ef632ae6e5b9632c2724ecf
mm__missing_eye_tracking__hdc_classification__fold_2__seed_43,RETRAIN_WITHOUT_MODALITY,MISSING_EYE_TRACKING,HDC+OnlineHD Hybrid,43,2,,sub-cp015_ses-20210504_level-03B_run-002,sub-cp015,2,2,0.85666394,0.87809885,0.8932686,0.8225813,cd94acdf0bcb463b5f48a7c84110a23059899b6b5bf156131694827d7d7bde66,3383b55b626cdd4f2bd7e8ada676f8585ef84c726ef632ae6e5b9632c2724ecf
mm__missing_eye_tracking__hdc_classification__fold_2__seed_43,RETRAIN_WITHOUT_MODALITY,MISSING_EYE_TRACKING,HDC+OnlineHD Hybrid,43,2,,sub-cp015_ses-20210504_level-03B_run-005,sub-cp015,2,2,0.89020646,0.8819468,0.9018368,0.86937654,cd94acdf0bcb463b5f48a7c84110a23059899b6b5bf156131694827d7d7bde66,3383b55b626cdd4f2bd7e8ada676f8585ef84c726ef632ae6e5b9632c2724ecf
mm__missing_eye_tracking__hdc_classification__fold_2__seed_43,RETRAIN_WITHOUT_MODALITY,MISSING_EYE_TRACKING,HDC+OnlineHD Hybrid,43,2,,sub-cp015_ses-20210504_level-03B_run-011,sub-cp015,2,0,0.9263047,0.8891295,0.907579,0.85590446,cd94acdf0bcb463b5f48a7c84110a23059899b6b5bf156131694827d7d7bde66,3383b55b626cdd4f2bd7e8ada676f8585ef84c726ef632ae6e5b9632c2724ecf
mm__missing_eye_tracking__hdc_classification__fold_2__seed_43,RETRAIN_WITHOUT_MODALITY,MISSING_EYE_TRACKING,HDC+OnlineHD Hybrid,43,2,,sub-cp015_ses-20210504_level-04B_run-004,sub-cp015,3,3,0.8620868,0.87576675,0.8839263,0.9292431,cd94acdf0bcb463b5f48a7c84110a23059899b6b5bf156131694827d7d7bde66,3383b55b626cdd4f2bd7e8ada676f8585ef84c726ef632ae6e5b9632c2724ecf
mm__missing_eye_tracking__hdc_classification__fold_2__seed_43,RETRAIN_WITHOUT_MODALITY,MISSING_EYE_TRACKING,HDC+OnlineHD Hybrid,43,2,,sub-cp015_ses-20210504_level-04B_run-006,sub-cp015,3,3,0.8611336,0.85477155,0.8732946,0.88030213,cd94acdf0bcb463b5f48a7c84110a23059899b6b5bf156131694827d7d7bde66,3383b55b626cdd4f2bd7e8ada676f8585ef84c726ef632ae6e5b9632c2724ecf
mm__missing_eye_tracking__hdc_classification__fold_2__seed_43,RETRAIN_WITHOUT_MODALITY,MISSING_EYE_TRACKING,HDC+OnlineHD Hybrid,43,2,,sub-cp015_ses-20210504_level-04B_run-009,sub-cp015,3,3,0.8736323,0.8799414,0.89683145,0.9329755,cd94acdf0bcb463b5f48a7c84110a23059899b6b5bf156131694827d7d7bde66,3383b55b626cdd4f2bd7e8ada676f8585ef84c726ef632ae6e5b9632c2724ecf
mm__missing_eye_tracking__hdc_classification__fold_2__seed_43,RETRAIN_WITHOUT_MODALITY,MISSING_EYE_TRACKING,HDC+OnlineHD Hybrid,43,2,,sub-cp020_ses-20210604_level-01B_run-001,sub-cp020,0,0,0.9040502,0.89377767,0.8667674,0.8665296,cd94acdf0bcb463b5f48a7c84110a23059899b6b5bf156131694827d7d7bde66,3383b55b626cdd4f2bd7e8ada676f8585ef84c726ef632ae6e5b9632c2724ecf
mm__missing_eye_tracking__hdc_classification__fold_2__seed_43,RETRAIN_WITHOUT_MODALITY,MISSING_EYE_TRACKING,HDC+OnlineHD Hybrid,43,2,,sub-cp020_ses-20210604_level-01B_run-007,sub-cp020,0,0,0.9028317,0.9017518,0.8770722,0.82664216,cd94acdf0bcb463b5f48a7c84110a23059899b6b5bf156131694827d7d7bde66,3383b55b626cdd4f2bd7e8ada676f8585ef84c726ef632ae6e5b9632c2724ecf
mm__missing_eye_tracking__hdc_classification__fold_2__seed_43,RETRAIN_WITHOUT_MODALITY,MISSING_EYE_TRACKING,HDC+OnlineHD Hybrid,43,2,,sub-cp020_ses-20210604_level-01B_run-012,sub-cp020,0,1,0.8918941,0.91161835,0.87821907,0.8093855,cd94acdf0bcb463b5f48a7c84110a23059899b6b5bf156131694827d7d7bde66,3383b55b626cdd4f2bd7e8ada676f8585ef84c726ef632ae6e5b9632c2724ecf
mm__missing_eye_tracking__hdc_classification__fold_2__seed_43,RETRAIN_WITHOUT_MODALITY,MISSING_EYE_TRACKING,HDC+OnlineHD Hybrid,43,2,,sub-cp020_ses-20210604_level-02B_run-003,sub-cp020,1,1,0.8975457,0.91452336,0.8995681,0.8324931,cd94acdf0bcb463b5f48a7c84110a23059899b6b5bf156131694827d7d7bde66,3383b55b626cdd4f2bd7e8ada676f8585ef84c726ef632ae6e5b9632c2724ecf
mm__missing_eye_tracking__hdc_classification__fold_2__seed_43,RETRAIN_WITHOUT_MODALITY,MISSING_EYE_TRACKING,HDC+OnlineHD Hybrid,43,2,,sub-cp020_ses-20210604_level-02B_run-008,sub-cp020,1,1,0.8868706,0.8930949,0.8736657,0.82141405,cd94acdf0bcb463b5f48a7c84110a23059899b6b5bf156131694827d7d7bde66,3383b55b626cdd4f2bd7e8ada676f8585ef84c726ef632ae6e5b9632c2724ecf
mm__missing_eye_tracking__hdc_classification__fold_2__seed_43,RETRAIN_WITHOUT_MODALITY,MISSING_EYE_TRACKING,HDC+OnlineHD Hybrid,43,2,,sub-cp020_ses-20210604_level-02B_run-010,sub-cp020,1,1,0.8724125,0.9060191,0.871315,0.7857577,cd94acdf0bcb463b5f48a7c84110a23059899b6b5bf156131694827d7d7bde66,3383b55b626cdd4f2bd7e8ada676f8585ef84c726ef632ae6e5b9632c2724ecf
mm__missing_eye_tracking__hdc_classification__fold_2__seed_43,RETRAIN_WITHOUT_MODALITY,MISSING_EYE_TRACKING,HDC+OnlineHD Hybrid,43,2,,sub-cp020_ses-20210604_level-03B_run-002,sub-cp020,2,2,0.8036546,0.8339073,0.84881496,0.827745,cd94acdf0bcb463b5f48a7c84110a23059899b6b5bf156131694827d7d7bde66,3383b55b626cdd4f2bd7e8ada676f8585ef84c726ef632ae6e5b9632c2724ecf
mm__missing_eye_tracking__hdc_classification__fold_2__seed_43,RETRAIN_WITHOUT_MODALITY,MISSING_EYE_TRACKING,HDC+OnlineHD Hybrid,43,2,,sub-cp020_ses-20210604_level-03B_run-005,sub-cp020,2,2,0.87369245,0.88379264,0.9068338,0.8328837,cd94acdf0bcb463b5f48a7c84110a23059899b6b5bf156131694827d7d7bde66,3383b55b626cdd4f2bd7e8ada676f8585ef84c726ef632ae6e5b9632c2724ecf
mm__missing_eye_tracking__hdc_classification__fold_2__seed_43,RETRAIN_WITHOUT_MODALITY,MISSING_EYE_TRACKING,HDC+OnlineHD Hybrid,43,2,,sub-cp020_ses-20210604_level-03B_run-011,sub-cp020,2,1,0.8454393,0.8823947,0.8803216,0.8500765,cd94acdf0bcb463b5f48a7c84110a23059899b6b5bf156131694827d7d7bde66,3383b55b626cdd4f2bd7e8ada676f8585ef84c726ef632ae6e5b9632c2724ecf
mm__missing_eye_tracking__hdc_classification__fold_2__seed_43,RETRAIN_WITHOUT_MODALITY,MISSING_EYE_TRACKING,HDC+OnlineHD Hybrid,43,2,,sub-cp020_ses-20210604_level-04B_run-004,sub-cp020,3,3,0.8072753,0.823097,0.8428514,0.878516,cd94acdf0bcb463b5f48a7c84110a23059899b6b5bf156131694827d7d7bde66,3383b55b626cdd4f2bd7e8ada676f8585ef84c726ef632ae6e5b9632c2724ecf
mm__missing_eye_tracking__hdc_classification__fold_2__seed_43,RETRAIN_WITHOUT_MODALITY,MISSING_EYE_TRACKING,HDC+OnlineHD Hybrid,43,2,,sub-cp020_ses-20210604_level-04B_run-006,sub-cp020,3,3,0.80410296,0.8225682,0.835294,0.86058754,cd94acdf0bcb463b5f48a7c84110a23059899b6b5bf156131694827d7d7bde66,3383b55b626cdd4f2bd7e8ada676f8585ef84c726ef632ae6e5b9632c2724ecf
mm__missing_eye_tracking__hdc_classification__fold_2__seed_43,RETRAIN_WITHOUT_MODALITY,MISSING_EYE_TRACKING,HDC+OnlineHD Hybrid,43,2,,sub-cp020_ses-20210604_level-04B_run-009,sub-cp020,3,3,0.8388942,0.85414296,0.8740934,0.8865127,cd94acdf0bcb463b5f48a7c84110a23059899b6b5bf156131694827d7d7bde66,3383b55b626cdd4f2bd7e8ada676f8585ef84c726ef632ae6e5b9632c2724ecf
mm__missing_eye_tracking__hdc_classification__fold_2__seed_43,RETRAIN_WITHOUT_MODALITY,MISSING_EYE_TRACKING,HDC+OnlineHD Hybrid,43,2,,sub-cp026_ses-20210716_level-01B_run-001,sub-cp026,0,0,0.92994833,0.9199172,0.8931625,0.7996329,cd94acdf0bcb463b5f48a7c84110a23059899b6b5bf156131694827d7d7bde66,3383b55b626cdd4f2bd7e8ada676f8585ef84c726ef632ae6e5b9632c2724ecf
mm__missing_eye_tracking__hdc_classification__fold_2__seed_43,RETRAIN_WITHOUT_MODALITY,MISSING_EYE_TRACKING,HDC+OnlineHD Hybrid,43,2,,sub-cp026_ses-20210716_level-01B_run-007,sub-cp026,0,0,0.94410366,0.91280377,0.8865502,0.8307362,cd94acdf0bcb463b5f48a7c84110a23059899b6b5bf156131694827d7d7bde66,3383b55b626cdd4f2bd7e8ada676f8585ef84c726ef632ae6e5b9632c2724ecf
mm__missing_eye_tracking__hdc_classification__fold_2__seed_43,RETRAIN_WITHOUT_MODALITY,MISSING_EYE_TRACKING,HDC+OnlineHD Hybrid,43,2,,sub-cp026_ses-20210716_level-01B_run-012,sub-cp026,0,0,0.9414377,0.90865713,0.88429284,0.83041006,cd94acdf0bcb463b5f48a7c84110a23059899b6b5bf156131694827d7d7bde66,3383b55b626cdd4f2bd7e8ada676f8585ef84c726ef632ae6e5b9632c2724ecf
mm__missing_eye_tracking__hdc_classification__fold_2__seed_43,RETRAIN_WITHOUT_MODALITY,MISSING_EYE_TRACKING,HDC+OnlineHD Hybrid,43,2,,sub-cp026_ses-20210716_level-02B_run-003,sub-cp026,1,0,0.9149419,0.907663,0.90138435,0.86131567,cd94acdf0bcb463b5f48a7c84110a23059899b6b5bf156131694827d7d7bde66,3383b55b626cdd4f2bd7e8ada676f8585ef84c726ef632ae6e5b9632c2724ecf
mm__missing_eye_tracking__hdc_classification__fold_2__seed_43,RETRAIN_WITHOUT_MODALITY,MISSING_EYE_TRACKING,HDC+OnlineHD Hybrid,43,2,,sub-cp026_ses-20210716_level-02B_run-008,sub-cp026,1,1,0.90527827,0.9235792,0.9024023,0.79535466,cd94acdf0bcb463b5f48a7c84110a23059899b6b5bf156131694827d7d7bde66,3383b55b626cdd4f2bd7e8ada676f8585ef84c726ef632ae6e5b9632c2724ecf
mm__missing_eye_tracking__hdc_classification__fold_2__seed_43,RETRAIN_WITHOUT_MODALITY,MISSING_EYE_TRACKING,HDC+OnlineHD Hybrid,43,2,,sub-cp026_ses-20210716_level-02B_run-010,sub-cp026,1,0,0.91423064,0.9049034,0.8934058,0.8466168,cd94acdf0bcb463b5f48a7c84110a23059899b6b5bf156131694827d7d7bde66,3383b55b626cdd4f2bd7e8ada676f8585ef84c726ef632ae6e5b9632c2724ecf
mm__missing_eye_tracking__hdc_classification__fold_2__seed_43,RETRAIN_WITHOUT_MODALITY,MISSING_EYE_TRACKING,HDC+OnlineHD Hybrid,43,2,,sub-cp026_ses-20210716_level-03B_run-002,sub-cp026,2,2,0.9017832,0.91285133,0.9396657,0.8504143,cd94acdf0bcb463b5f48a7c84110a23059899b6b5bf156131694827d7d7bde66,3383b55b626cdd4f2bd7e8ada676f8585ef84c726ef632ae6e5b9632c2724ecf
mm__missing_eye_tracking__hdc_classification__fold_2__seed_43,RETRAIN_WITHOUT_MODALITY,MISSING_EYE_TRACKING,HDC+OnlineHD Hybrid,43,2,,sub-cp026_ses-20210716_level-03B_run-005,sub-cp026,2,2,0.90932703,0.915315,0.9376572,0.8529808,cd94acdf0bcb463b5f48a7c84110a23059899b6b5bf156131694827d7d7bde66,3383b55b626cdd4f2bd7e8ada676f8585ef84c726ef632ae6e5b9632c2724ecf
mm__missing_eye_tracking__hdc_classification__fold_2__seed_43,RETRAIN_WITHOUT_MODALITY,MISSING_EYE_TRACKING,HDC+OnlineHD Hybrid,43,2,,sub-cp026_ses-20210716_level-03B_run-011,sub-cp026,2,2,0.9085235,0.9024993,0.92420065,0.8460356,cd94acdf0bcb463b5f48a7c84110a23059899b6b5bf156131694827d7d7bde66,3383b55b626cdd4f2bd7e8ada676f8585ef84c726ef632ae6e5b9632c2724ecf
mm__missing_eye_tracking__hdc_classification__fold_2__seed_43,RETRAIN_WITHOUT_MODALITY,MISSING_EYE_TRACKING,HDC+OnlineHD Hybrid,43,2,,sub-cp026_ses-20210716_level-04B_run-004,sub-cp026,3,3,0.8504406,0.85836387,0.87322795,0.91788787,cd94acdf0bcb463b5f48a7c84110a23059899b6b5bf156131694827d7d7bde66,3383b55b626cdd4f2bd7e8ada676f8585ef84c726ef632ae6e5b9632c2724ecf
mm__missing_eye_tracking__hdc_classification__fold_2__seed_43,RETRAIN_WITHOUT_MODALITY,MISSING_EYE_TRACKING,HDC+OnlineHD Hybrid,43,2,,sub-cp026_ses-20210716_level-04B_run-006,sub-cp026,3,3,0.85809,0.86744034,0.8782007,0.9285744,cd94acdf0bcb463b5f48a7c84110a23059899b6b5bf156131694827d7d7bde66,3383b55b626cdd4f2bd7e8ada676f8585ef84c726ef632ae6e5b9632c2724ecf
mm__missing_eye_tracking__hdc_classification__fold_2__seed_43,RETRAIN_WITHOUT_MODALITY,MISSING_EYE_TRACKING,HDC+OnlineHD Hybrid,43,2,,sub-cp026_ses-20210716_level-04B_run-009,sub-cp026,3,3,0.86884224,0.87249154,0.87210333,0.9302716,cd94acdf0bcb463b5f48a7c84110a23059899b6b5bf156131694827d7d7bde66,3383b55b626cdd4f2bd7e8ada676f8585ef84c726ef632ae6e5b9632c2724ecf
mm__missing_eye_tracking__hdc_classification__fold_2__seed_43,RETRAIN_WITHOUT_MODALITY,MISSING_EYE_TRACKING,HDC+OnlineHD Hybrid,43,2,,sub-cp031_ses-20211216_level-01B_run-001,sub-cp031,0,0,0.89494187,0.878194,0.85574347,0.85136235,cd94acdf0bcb463b5f48a7c84110a23059899b6b5bf156131694827d7d7bde66,3383b55b626cdd4f2bd7e8ada676f8585ef84c726ef632ae6e5b9632c2724ecf
mm__missing_eye_tracking__hdc_classification__fold_2__seed_43,RETRAIN_WITHOUT_MODALITY,MISSING_EYE_TRACKING,HDC+OnlineHD Hybrid,43,2,,sub-cp031_ses-20211216_level-01B_run-007,sub-cp031,0,0,0.94053257,0.8959932,0.88166636,0.83519566,cd94acdf0bcb463b5f48a7c84110a23059899b6b5bf156131694827d7d7bde66,3383b55b626cdd4f2bd7e8ada676f8585ef84c726ef632ae6e5b9632c2724ecf
mm__missing_eye_tracking__hdc_classification__fold_2__seed_43,RETRAIN_WITHOUT_MODALITY,MISSING_EYE_TRACKING,HDC+OnlineHD Hybrid,43,2,,sub-cp031_ses-20211216_level-02B_run-003,sub-cp031,1,1,0.91808265,0.92974246,0.9154141,0.8112427,cd94acdf0bcb463b5f48a7c84110a23059899b6b5bf156131694827d7d7bde66,3383b55b626cdd4f2bd7e8ada676f8585ef84c726ef632ae6e5b9632c2724ecf
mm__missing_eye_tracking__hdc_classification__fold_2__seed_43,RETRAIN_WITHOUT_MODALITY,MISSING_EYE_TRACKING,HDC+OnlineHD Hybrid,43,2,,sub-cp031_ses-20211216_level-02B_run-008,sub-cp031,1,1,0.9237924,0.93187976,0.90480757,0.82982993,cd94acdf0bcb463b5f48a7c84110a23059899b6b5bf156131694827d7d7bde66,3383b55b626cdd4f2bd7e8ada676f8585ef84c726ef632ae6e5b9632c2724ecf
mm__missing_eye_tracking__hdc_classification__fold_2__seed_43,RETRAIN_WITHOUT_MODALITY,MISSING_EYE_TRACKING,HDC+OnlineHD Hybrid,43,2,,sub-cp031_ses-20211216_level-02B_run-010,sub-cp031,1,0,0.9118844,0.9096503,0.89559054,0.8413276,cd94acdf0bcb463b5f48a7c84110a23059899b6b5bf156131694827d7d7bde66,3383b55b626cdd4f2bd7e8ada676f8585ef84c726ef632ae6e5b9632c2724ecf
mm__missing_eye_tracking__hdc_classification__fold_2__seed_43,RETRAIN_WITHOUT_MODALITY,MISSING_EYE_TRACKING,HDC+OnlineHD Hybrid,43,2,,sub-cp031_ses-20211216_level-02B_run-012,sub-cp031,1,0,0.9470522,0.9129795,0.898991,0.82854044,cd94acdf0bcb463b5f48a7c84110a23059899b6b5bf156131694827d7d7bde66,3383b55b626cdd4f2bd7e8ada676f8585ef84c726ef632ae6e5b9632c2724ecf
mm__missing_eye_tracking__hdc_classification__fold_2__seed_43,RETRAIN_WITHOUT_MODALITY,MISSING_EYE_TRACKING,HDC+OnlineHD Hybrid,43,2,,sub-cp031_ses-20211216_level-03B_run-002,sub-cp031,2,2,0.8979319,0.91874635,0.94610304,0.82928085,cd94acdf0bcb463b5f48a7c84110a23059899b6b5bf156131694827d7d7bde66,3383b55b626cdd4f2bd7e8ada676f8585ef84c726ef632ae6e5b9632c2724ecf
mm__missing_eye_tracking__hdc_classification__fold_2__seed_43,RETRAIN_WITHOUT_MODALITY,MISSING_EYE_TRACKING,HDC+OnlineHD Hybrid,43,2,,sub-cp031_ses-20211216_level-03B_run-005,sub-cp031,2,2,0.8920956,0.88651407,0.92185926,0.8511361,cd94acdf0bcb463b5f48a7c84110a23059899b6b5bf156131694827d7d7bde66,3383b55b626cdd4f2bd7e8ada676f8585ef84c726ef632ae6e5b9632c2724ecf
mm__missing_eye_tracking__hdc_classification__fold_2__seed_43,RETRAIN_WITHOUT_MODALITY,MISSING_EYE_TRACKING,HDC+OnlineHD Hybrid,43,2,,sub-cp031_ses-20211216_level-03B_run-011,sub-cp031,2,2,0.90578115,0.92173415,0.9468993,0.8274869,cd94acdf0bcb463b5f48a7c84110a23059899b6b5bf156131694827d7d7bde66,3383b55b626cdd4f2bd7e8ada676f8585ef84c726ef632ae6e5b9632c2724ecf
mm__missing_eye_tracking__hdc_classification__fold_2__seed_43,RETRAIN_WITHOUT_MODALITY,MISSING_EYE_TRACKING,HDC+OnlineHD Hybrid,43,2,,sub-cp031_ses-20211216_level-04B_run-004,sub-cp031,3,3,0.86088455,0.8741245,0.88390505,0.93932176,cd94acdf0bcb463b5f48a7c84110a23059899b6b5bf156131694827d7d7bde66,3383b55b626cdd4f2bd7e8ada676f8585ef84c726ef632ae6e5b9632c2724ecf
mm__missing_eye_tracking__hdc_classification__fold_2__seed_43,RETRAIN_WITHOUT_MODALITY,MISSING_EYE_TRACKING,HDC+OnlineHD Hybrid,43,2,,sub-cp031_ses-20211216_level-04B_run-006,sub-cp031,3,3,0.857672,0.87408894,0.8903619,0.936984,cd94acdf0bcb463b5f48a7c84110a23059899b6b5bf156131694827d7d7bde66,3383b55b626cdd4f2bd7e8ada676f8585ef84c726ef632ae6e5b9632c2724ecf
mm__missing_eye_tracking__hdc_classification__fold_2__seed_43,RETRAIN_WITHOUT_MODALITY,MISSING_EYE_TRACKING,HDC+OnlineHD Hybrid,43,2,,sub-cp031_ses-20211216_level-04B_run-009,sub-cp031,3,3,0.85661715,0.87187916,0.8772395,0.9325979,cd94acdf0bcb463b5f48a7c84110a23059899b6b5bf156131694827d7d7bde66,3383b55b626cdd4f2bd7e8ada676f8585ef84c726ef632ae6e5b9632c2724ecf
mm__missing_eye_tracking__hdc_classification__fold_2__seed_43,RETRAIN_WITHOUT_MODALITY,MISSING_EYE_TRACKING,HDC+OnlineHD Hybrid,43,2,,sub-cp038_ses-20220112_level-01B_run-001,sub-cp038,0,0,0.810745,0.7974571,0.7934285,0.7676039,cd94acdf0bcb463b5f48a7c84110a23059899b6b5bf156131694827d7d7bde66,3383b55b626cdd4f2bd7e8ada676f8585ef84c726ef632ae6e5b9632c2724ecf
mm__missing_eye_tracking__hdc_classification__fold_2__seed_43,RETRAIN_WITHOUT_MODALITY,MISSING_EYE_TRACKING,HDC+OnlineHD Hybrid,43,2,,sub-cp038_ses-20220112_level-01B_run-007,sub-cp038,0,0,0.8529195,0.8322973,0.8149797,0.7861496,cd94acdf0bcb463b5f48a7c84110a23059899b6b5bf156131694827d7d7bde66,3383b55b626cdd4f2bd7e8ada676f8585ef84c726ef632ae6e5b9632c2724ecf
mm__missing_eye_tracking__hdc_classification__fold_2__seed_43,RETRAIN_WITHOUT_MODALITY,MISSING_EYE_TRACKING,HDC+OnlineHD Hybrid,43,2,,sub-cp038_ses-20220112_level-01B_run-012,sub-cp038,0,0,0.85515445,0.84430027,0.8244134,0.7850365,cd94acdf0bcb463b5f48a7c84110a23059899b6b5bf156131694827d7d7bde66,3383b55b626cdd4f2bd7e8ada676f8585ef84c726ef632ae6e5b9632c2724ecf
mm__missing_eye_tracking__hdc_classification__fold_2__seed_43,RETRAIN_WITHOUT_MODALITY,MISSING_EYE_TRACKING,HDC+OnlineHD Hybrid,43,2,,sub-cp038_ses-20220112_level-02B_run-003,sub-cp038,1,0,0.89252126,0.8737367,0.85585606,0.8336468,cd94acdf0bcb463b5f48a7c84110a23059899b6b5bf156131694827d7d7bde66,3383b55b626cdd4f2bd7e8ada676f8585ef84c726ef632ae6e5b9632c2724ecf
mm__missing_eye_tracking__hdc_classification__fold_2__seed_43,RETRAIN_WITHOUT_MODALITY,MISSING_EYE_TRACKING,HDC+OnlineHD Hybrid,43,2,,sub-cp038_ses-20220112_level-02B_run-008,sub-cp038,1,0,0.8786977,0.8639408,0.8491766,0.8187379,cd94acdf0bcb463b5f48a7c84110a23059899b6b5bf156131694827d7d7bde66,3383b55b626cdd4f2bd7e8ada676f8585ef84c726ef632ae6e5b9632c2724ecf
mm__missing_eye_tracking__hdc_classification__fold_2__seed_43,RETRAIN_WITHOUT_MODALITY,MISSING_EYE_TRACKING,HDC+OnlineHD Hybrid,43,2,,sub-cp038_ses-20220112_level-02B_run-010,sub-cp038,1,0,0.8703885,0.84123033,0.8277492,0.80556685,cd94acdf0bcb463b5f48a7c84110a23059899b6b5bf156131694827d7d7bde66,3383b55b626cdd4f2bd7e8ada676f8585ef84c726ef632ae6e5b9632c2724ecf
mm__missing_eye_tracking__hdc_classification__fold_2__seed_43,RETRAIN_WITHOUT_MODALITY,MISSING_EYE_TRACKING,HDC+OnlineHD Hybrid,43,2,,sub-cp038_ses-20220112_level-03B_run-002,sub-cp038,2,1,0.86410296,0.88650775,0.8741755,0.84019065,cd94acdf0bcb463b5f48a7c84110a23059899b6b5bf156131694827d7d7bde66,3383b55b626cdd4f2bd7e8ada676f8585ef84c726ef632ae6e5b9632c2724ecf
mm__missing_eye_tracking__hdc_classification__fold_2__seed_43,RETRAIN_WITHOUT_MODALITY,MISSING_EYE_TRACKING,HDC+OnlineHD Hybrid,43,2,,sub-cp038_ses-20220112_level-03B_run-005,sub-cp038,2,1,0.82847965,0.84316355,0.82953084,0.8123208,cd94acdf0bcb463b5f48a7c84110a23059899b6b5bf156131694827d7d7bde66,3383b55b626cdd4f2bd7e8ada676f8585ef84c726ef632ae6e5b9632c2724ecf
mm__missing_eye_tracking__hdc_classification__fold_2__seed_43,RETRAIN_WITHOUT_MODALITY,MISSING_EYE_TRACKING,HDC+OnlineHD Hybrid,43,2,,sub-cp038_ses-20220112_level-03B_run-011,sub-cp038,2,2,0.862014,0.8522686,0.866749,0.8461251,cd94acdf0bcb463b5f48a7c84110a23059899b6b5bf156131694827d7d7bde66,3383b55b626cdd4f2bd7e8ada676f8585ef84c726ef632ae6e5b9632c2724ecf
mm__missing_eye_tracking__hdc_classification__fold_2__seed_43,RETRAIN_WITHOUT_MODALITY,MISSING_EYE_TRACKING,HDC+OnlineHD Hybrid,43,2,,sub-cp038_ses-20220112_level-04B_run-004,sub-cp038,3,3,0.82357717,0.83763754,0.85840666,0.8751688,cd94acdf0bcb463b5f48a7c84110a23059899b6b5bf156131694827d7d7bde66,3383b55b626cdd4f2bd7e8ada676f8585ef84c726ef632ae6e5b9632c2724ecf
mm__missing_eye_tracking__hdc_classification__fold_2__seed_43,RETRAIN_WITHOUT_MODALITY,MISSING_EYE_TRACKING,HDC+OnlineHD Hybrid,43,2,,sub-cp038_ses-20220112_level-04B_run-006,sub-cp038,3,3,0.8294181,0.84628695,0.86752194,0.8939674,cd94acdf0bcb463b5f48a7c84110a23059899b6b5bf156131694827d7d7bde66,3383b55b626cdd4f2bd7e8ada676f8585ef84c726ef632ae6e5b9632c2724ecf
mm__missing_eye_tracking__hdc_classification__fold_2__seed_43,RETRAIN_WITHOUT_MODALITY,MISSING_EYE_TRACKING,HDC+OnlineHD Hybrid,43,2,,sub-cp038_ses-20220112_level-04B_run-009,sub-cp038,3,2,0.84903383,0.8514827,0.87030065,0.86317647,cd94acdf0bcb463b5f48a7c84110a23059899b6b5bf156131694827d7d7bde66,3383b55b626cdd4f2bd7e8ada676f8585ef84c726ef632ae6e5b9632c2724ecf
